{
 "cells": [
  {
   "cell_type": "code",
   "execution_count": 1,
   "id": "3934a5a7-480b-4a41-a281-347a287b3523",
   "metadata": {},
   "outputs": [],
   "source": [
    "import pandas as pd"
   ]
  },
  {
   "cell_type": "code",
   "execution_count": 2,
   "id": "0f035b19-f2e0-480d-97bb-0a4eda6b5c09",
   "metadata": {},
   "outputs": [],
   "source": [
    "dataset=pd.read_csv(\"preprocessed_data.csv\")"
   ]
  },
  {
   "cell_type": "code",
   "execution_count": 3,
   "id": "01e01f53-7214-414d-ab9d-fe8070e84ad6",
   "metadata": {},
   "outputs": [
    {
     "data": {
      "text/html": [
       "<div>\n",
       "<style scoped>\n",
       "    .dataframe tbody tr th:only-of-type {\n",
       "        vertical-align: middle;\n",
       "    }\n",
       "\n",
       "    .dataframe tbody tr th {\n",
       "        vertical-align: top;\n",
       "    }\n",
       "\n",
       "    .dataframe thead th {\n",
       "        text-align: right;\n",
       "    }\n",
       "</style>\n",
       "<table border=\"1\" class=\"dataframe\">\n",
       "  <thead>\n",
       "    <tr style=\"text-align: right;\">\n",
       "      <th></th>\n",
       "      <th>sl_no</th>\n",
       "      <th>gender</th>\n",
       "      <th>ssc_p</th>\n",
       "      <th>ssc_b</th>\n",
       "      <th>hsc_p</th>\n",
       "      <th>hsc_b</th>\n",
       "      <th>hsc_s</th>\n",
       "      <th>degree_p</th>\n",
       "      <th>degree_t</th>\n",
       "      <th>workex</th>\n",
       "      <th>etest_p</th>\n",
       "      <th>specialisation</th>\n",
       "      <th>mba_p</th>\n",
       "      <th>status</th>\n",
       "      <th>salary</th>\n",
       "    </tr>\n",
       "  </thead>\n",
       "  <tbody>\n",
       "    <tr>\n",
       "      <th>0</th>\n",
       "      <td>1</td>\n",
       "      <td>M</td>\n",
       "      <td>67.00</td>\n",
       "      <td>Others</td>\n",
       "      <td>91.00</td>\n",
       "      <td>Others</td>\n",
       "      <td>Commerce</td>\n",
       "      <td>58.00</td>\n",
       "      <td>Sci&amp;Tech</td>\n",
       "      <td>No</td>\n",
       "      <td>55.0</td>\n",
       "      <td>Mkt&amp;HR</td>\n",
       "      <td>58.80</td>\n",
       "      <td>Placed</td>\n",
       "      <td>270000.0</td>\n",
       "    </tr>\n",
       "    <tr>\n",
       "      <th>1</th>\n",
       "      <td>2</td>\n",
       "      <td>M</td>\n",
       "      <td>79.33</td>\n",
       "      <td>Central</td>\n",
       "      <td>78.33</td>\n",
       "      <td>Others</td>\n",
       "      <td>Science</td>\n",
       "      <td>77.48</td>\n",
       "      <td>Sci&amp;Tech</td>\n",
       "      <td>Yes</td>\n",
       "      <td>86.5</td>\n",
       "      <td>Mkt&amp;Fin</td>\n",
       "      <td>66.28</td>\n",
       "      <td>Placed</td>\n",
       "      <td>200000.0</td>\n",
       "    </tr>\n",
       "    <tr>\n",
       "      <th>2</th>\n",
       "      <td>3</td>\n",
       "      <td>M</td>\n",
       "      <td>65.00</td>\n",
       "      <td>Central</td>\n",
       "      <td>68.00</td>\n",
       "      <td>Central</td>\n",
       "      <td>Arts</td>\n",
       "      <td>64.00</td>\n",
       "      <td>Comm&amp;Mgmt</td>\n",
       "      <td>No</td>\n",
       "      <td>75.0</td>\n",
       "      <td>Mkt&amp;Fin</td>\n",
       "      <td>57.80</td>\n",
       "      <td>Placed</td>\n",
       "      <td>250000.0</td>\n",
       "    </tr>\n",
       "    <tr>\n",
       "      <th>3</th>\n",
       "      <td>4</td>\n",
       "      <td>M</td>\n",
       "      <td>56.00</td>\n",
       "      <td>Central</td>\n",
       "      <td>52.00</td>\n",
       "      <td>Central</td>\n",
       "      <td>Science</td>\n",
       "      <td>52.00</td>\n",
       "      <td>Sci&amp;Tech</td>\n",
       "      <td>No</td>\n",
       "      <td>66.0</td>\n",
       "      <td>Mkt&amp;HR</td>\n",
       "      <td>59.43</td>\n",
       "      <td>Not Placed</td>\n",
       "      <td>265000.0</td>\n",
       "    </tr>\n",
       "    <tr>\n",
       "      <th>4</th>\n",
       "      <td>5</td>\n",
       "      <td>M</td>\n",
       "      <td>85.80</td>\n",
       "      <td>Central</td>\n",
       "      <td>73.60</td>\n",
       "      <td>Central</td>\n",
       "      <td>Commerce</td>\n",
       "      <td>73.30</td>\n",
       "      <td>Comm&amp;Mgmt</td>\n",
       "      <td>No</td>\n",
       "      <td>96.8</td>\n",
       "      <td>Mkt&amp;Fin</td>\n",
       "      <td>55.50</td>\n",
       "      <td>Placed</td>\n",
       "      <td>425000.0</td>\n",
       "    </tr>\n",
       "    <tr>\n",
       "      <th>...</th>\n",
       "      <td>...</td>\n",
       "      <td>...</td>\n",
       "      <td>...</td>\n",
       "      <td>...</td>\n",
       "      <td>...</td>\n",
       "      <td>...</td>\n",
       "      <td>...</td>\n",
       "      <td>...</td>\n",
       "      <td>...</td>\n",
       "      <td>...</td>\n",
       "      <td>...</td>\n",
       "      <td>...</td>\n",
       "      <td>...</td>\n",
       "      <td>...</td>\n",
       "      <td>...</td>\n",
       "    </tr>\n",
       "    <tr>\n",
       "      <th>210</th>\n",
       "      <td>211</td>\n",
       "      <td>M</td>\n",
       "      <td>80.60</td>\n",
       "      <td>Others</td>\n",
       "      <td>82.00</td>\n",
       "      <td>Others</td>\n",
       "      <td>Commerce</td>\n",
       "      <td>77.60</td>\n",
       "      <td>Comm&amp;Mgmt</td>\n",
       "      <td>No</td>\n",
       "      <td>91.0</td>\n",
       "      <td>Mkt&amp;Fin</td>\n",
       "      <td>74.49</td>\n",
       "      <td>Placed</td>\n",
       "      <td>400000.0</td>\n",
       "    </tr>\n",
       "    <tr>\n",
       "      <th>211</th>\n",
       "      <td>212</td>\n",
       "      <td>M</td>\n",
       "      <td>58.00</td>\n",
       "      <td>Others</td>\n",
       "      <td>60.00</td>\n",
       "      <td>Others</td>\n",
       "      <td>Science</td>\n",
       "      <td>72.00</td>\n",
       "      <td>Sci&amp;Tech</td>\n",
       "      <td>No</td>\n",
       "      <td>74.0</td>\n",
       "      <td>Mkt&amp;Fin</td>\n",
       "      <td>53.62</td>\n",
       "      <td>Placed</td>\n",
       "      <td>275000.0</td>\n",
       "    </tr>\n",
       "    <tr>\n",
       "      <th>212</th>\n",
       "      <td>213</td>\n",
       "      <td>M</td>\n",
       "      <td>67.00</td>\n",
       "      <td>Others</td>\n",
       "      <td>67.00</td>\n",
       "      <td>Others</td>\n",
       "      <td>Commerce</td>\n",
       "      <td>73.00</td>\n",
       "      <td>Comm&amp;Mgmt</td>\n",
       "      <td>Yes</td>\n",
       "      <td>59.0</td>\n",
       "      <td>Mkt&amp;Fin</td>\n",
       "      <td>69.72</td>\n",
       "      <td>Placed</td>\n",
       "      <td>295000.0</td>\n",
       "    </tr>\n",
       "    <tr>\n",
       "      <th>213</th>\n",
       "      <td>214</td>\n",
       "      <td>F</td>\n",
       "      <td>74.00</td>\n",
       "      <td>Others</td>\n",
       "      <td>66.00</td>\n",
       "      <td>Others</td>\n",
       "      <td>Commerce</td>\n",
       "      <td>58.00</td>\n",
       "      <td>Comm&amp;Mgmt</td>\n",
       "      <td>No</td>\n",
       "      <td>70.0</td>\n",
       "      <td>Mkt&amp;HR</td>\n",
       "      <td>60.23</td>\n",
       "      <td>Placed</td>\n",
       "      <td>204000.0</td>\n",
       "    </tr>\n",
       "    <tr>\n",
       "      <th>214</th>\n",
       "      <td>215</td>\n",
       "      <td>M</td>\n",
       "      <td>62.00</td>\n",
       "      <td>Central</td>\n",
       "      <td>58.00</td>\n",
       "      <td>Others</td>\n",
       "      <td>Science</td>\n",
       "      <td>53.00</td>\n",
       "      <td>Comm&amp;Mgmt</td>\n",
       "      <td>No</td>\n",
       "      <td>89.0</td>\n",
       "      <td>Mkt&amp;HR</td>\n",
       "      <td>60.22</td>\n",
       "      <td>Not Placed</td>\n",
       "      <td>265000.0</td>\n",
       "    </tr>\n",
       "  </tbody>\n",
       "</table>\n",
       "<p>215 rows × 15 columns</p>\n",
       "</div>"
      ],
      "text/plain": [
       "     sl_no gender  ssc_p    ssc_b  hsc_p    hsc_b     hsc_s  degree_p  \\\n",
       "0        1      M  67.00   Others  91.00   Others  Commerce     58.00   \n",
       "1        2      M  79.33  Central  78.33   Others   Science     77.48   \n",
       "2        3      M  65.00  Central  68.00  Central      Arts     64.00   \n",
       "3        4      M  56.00  Central  52.00  Central   Science     52.00   \n",
       "4        5      M  85.80  Central  73.60  Central  Commerce     73.30   \n",
       "..     ...    ...    ...      ...    ...      ...       ...       ...   \n",
       "210    211      M  80.60   Others  82.00   Others  Commerce     77.60   \n",
       "211    212      M  58.00   Others  60.00   Others   Science     72.00   \n",
       "212    213      M  67.00   Others  67.00   Others  Commerce     73.00   \n",
       "213    214      F  74.00   Others  66.00   Others  Commerce     58.00   \n",
       "214    215      M  62.00  Central  58.00   Others   Science     53.00   \n",
       "\n",
       "      degree_t workex  etest_p specialisation  mba_p      status    salary  \n",
       "0     Sci&Tech     No     55.0         Mkt&HR  58.80      Placed  270000.0  \n",
       "1     Sci&Tech    Yes     86.5        Mkt&Fin  66.28      Placed  200000.0  \n",
       "2    Comm&Mgmt     No     75.0        Mkt&Fin  57.80      Placed  250000.0  \n",
       "3     Sci&Tech     No     66.0         Mkt&HR  59.43  Not Placed  265000.0  \n",
       "4    Comm&Mgmt     No     96.8        Mkt&Fin  55.50      Placed  425000.0  \n",
       "..         ...    ...      ...            ...    ...         ...       ...  \n",
       "210  Comm&Mgmt     No     91.0        Mkt&Fin  74.49      Placed  400000.0  \n",
       "211   Sci&Tech     No     74.0        Mkt&Fin  53.62      Placed  275000.0  \n",
       "212  Comm&Mgmt    Yes     59.0        Mkt&Fin  69.72      Placed  295000.0  \n",
       "213  Comm&Mgmt     No     70.0         Mkt&HR  60.23      Placed  204000.0  \n",
       "214  Comm&Mgmt     No     89.0         Mkt&HR  60.22  Not Placed  265000.0  \n",
       "\n",
       "[215 rows x 15 columns]"
      ]
     },
     "execution_count": 3,
     "metadata": {},
     "output_type": "execute_result"
    }
   ],
   "source": [
    "dataset"
   ]
  },
  {
   "cell_type": "code",
   "execution_count": 4,
   "id": "f837f493-4178-4cb5-afaa-baca0b9c73e7",
   "metadata": {},
   "outputs": [
    {
     "data": {
      "text/plain": [
       "sl_no             0\n",
       "gender            0\n",
       "ssc_p             0\n",
       "ssc_b             0\n",
       "hsc_p             0\n",
       "hsc_b             0\n",
       "hsc_s             0\n",
       "degree_p          0\n",
       "degree_t          0\n",
       "workex            0\n",
       "etest_p           0\n",
       "specialisation    0\n",
       "mba_p             0\n",
       "status            0\n",
       "salary            0\n",
       "dtype: int64"
      ]
     },
     "execution_count": 4,
     "metadata": {},
     "output_type": "execute_result"
    }
   ],
   "source": [
    "dataset.isnull().sum()"
   ]
  },
  {
   "cell_type": "code",
   "execution_count": 5,
   "id": "47653900-6599-4051-bf51-5304305efda6",
   "metadata": {},
   "outputs": [
    {
     "data": {
      "text/html": [
       "<div>\n",
       "<style scoped>\n",
       "    .dataframe tbody tr th:only-of-type {\n",
       "        vertical-align: middle;\n",
       "    }\n",
       "\n",
       "    .dataframe tbody tr th {\n",
       "        vertical-align: top;\n",
       "    }\n",
       "\n",
       "    .dataframe thead th {\n",
       "        text-align: right;\n",
       "    }\n",
       "</style>\n",
       "<table border=\"1\" class=\"dataframe\">\n",
       "  <thead>\n",
       "    <tr style=\"text-align: right;\">\n",
       "      <th></th>\n",
       "      <th>sl_no</th>\n",
       "      <th>ssc_p</th>\n",
       "      <th>hsc_p</th>\n",
       "      <th>degree_p</th>\n",
       "      <th>etest_p</th>\n",
       "      <th>mba_p</th>\n",
       "      <th>salary</th>\n",
       "    </tr>\n",
       "  </thead>\n",
       "  <tbody>\n",
       "    <tr>\n",
       "      <th>sl_no</th>\n",
       "      <td>3870.000000</td>\n",
       "      <td>-52.641355</td>\n",
       "      <td>-58.106028</td>\n",
       "      <td>-40.413645</td>\n",
       "      <td>52.556168</td>\n",
       "      <td>8.102336</td>\n",
       "      <td>2.300514e+05</td>\n",
       "    </tr>\n",
       "    <tr>\n",
       "      <th>ssc_p</th>\n",
       "      <td>-52.641355</td>\n",
       "      <td>117.228377</td>\n",
       "      <td>60.348373</td>\n",
       "      <td>42.897137</td>\n",
       "      <td>37.659225</td>\n",
       "      <td>24.535952</td>\n",
       "      <td>9.204679e+04</td>\n",
       "    </tr>\n",
       "    <tr>\n",
       "      <th>hsc_p</th>\n",
       "      <td>-58.106028</td>\n",
       "      <td>60.348373</td>\n",
       "      <td>118.755706</td>\n",
       "      <td>34.819820</td>\n",
       "      <td>35.461678</td>\n",
       "      <td>22.555846</td>\n",
       "      <td>1.047953e+05</td>\n",
       "    </tr>\n",
       "    <tr>\n",
       "      <th>degree_p</th>\n",
       "      <td>-40.413645</td>\n",
       "      <td>42.897137</td>\n",
       "      <td>34.819820</td>\n",
       "      <td>54.151103</td>\n",
       "      <td>21.929469</td>\n",
       "      <td>17.272020</td>\n",
       "      <td>3.071420e+04</td>\n",
       "    </tr>\n",
       "    <tr>\n",
       "      <th>etest_p</th>\n",
       "      <td>52.556168</td>\n",
       "      <td>37.659225</td>\n",
       "      <td>35.461678</td>\n",
       "      <td>21.929469</td>\n",
       "      <td>176.251018</td>\n",
       "      <td>16.886973</td>\n",
       "      <td>1.757669e+05</td>\n",
       "    </tr>\n",
       "    <tr>\n",
       "      <th>mba_p</th>\n",
       "      <td>8.102336</td>\n",
       "      <td>24.535952</td>\n",
       "      <td>22.555846</td>\n",
       "      <td>17.272020</td>\n",
       "      <td>16.886973</td>\n",
       "      <td>34.028376</td>\n",
       "      <td>7.104318e+04</td>\n",
       "    </tr>\n",
       "    <tr>\n",
       "      <th>salary</th>\n",
       "      <td>230051.401869</td>\n",
       "      <td>92046.789176</td>\n",
       "      <td>104795.266681</td>\n",
       "      <td>30714.199304</td>\n",
       "      <td>175766.850250</td>\n",
       "      <td>71043.180613</td>\n",
       "      <td>6.120326e+09</td>\n",
       "    </tr>\n",
       "  </tbody>\n",
       "</table>\n",
       "</div>"
      ],
      "text/plain": [
       "                  sl_no         ssc_p          hsc_p      degree_p  \\\n",
       "sl_no       3870.000000    -52.641355     -58.106028    -40.413645   \n",
       "ssc_p        -52.641355    117.228377      60.348373     42.897137   \n",
       "hsc_p        -58.106028     60.348373     118.755706     34.819820   \n",
       "degree_p     -40.413645     42.897137      34.819820     54.151103   \n",
       "etest_p       52.556168     37.659225      35.461678     21.929469   \n",
       "mba_p          8.102336     24.535952      22.555846     17.272020   \n",
       "salary    230051.401869  92046.789176  104795.266681  30714.199304   \n",
       "\n",
       "                etest_p         mba_p        salary  \n",
       "sl_no         52.556168      8.102336  2.300514e+05  \n",
       "ssc_p         37.659225     24.535952  9.204679e+04  \n",
       "hsc_p         35.461678     22.555846  1.047953e+05  \n",
       "degree_p      21.929469     17.272020  3.071420e+04  \n",
       "etest_p      176.251018     16.886973  1.757669e+05  \n",
       "mba_p         16.886973     34.028376  7.104318e+04  \n",
       "salary    175766.850250  71043.180613  6.120326e+09  "
      ]
     },
     "execution_count": 5,
     "metadata": {},
     "output_type": "execute_result"
    }
   ],
   "source": [
    "dataset.cov(numeric_only=True) "
   ]
  },
  {
   "cell_type": "code",
   "execution_count": 6,
   "id": "bb801d8e-1d67-4f65-882b-263bba4165b5",
   "metadata": {},
   "outputs": [],
   "source": [
    "#1.The covariance between degree_p and etest_p is 21.929469. \n",
    "#this is 24 postive covariance and it is 24 times differs from the etest_p marks.\n",
    "#2.The covariance between etest_p and mba_p is 16.886973.\n",
    "#In this 16 postive covariance and it is 16 times differs from mba_p marks "
   ]
  },
  {
   "cell_type": "code",
   "execution_count": 7,
   "id": "278c3858-1c2a-493d-87d4-fa17eef49797",
   "metadata": {},
   "outputs": [
    {
     "data": {
      "text/html": [
       "<div>\n",
       "<style scoped>\n",
       "    .dataframe tbody tr th:only-of-type {\n",
       "        vertical-align: middle;\n",
       "    }\n",
       "\n",
       "    .dataframe tbody tr th {\n",
       "        vertical-align: top;\n",
       "    }\n",
       "\n",
       "    .dataframe thead th {\n",
       "        text-align: right;\n",
       "    }\n",
       "</style>\n",
       "<table border=\"1\" class=\"dataframe\">\n",
       "  <thead>\n",
       "    <tr style=\"text-align: right;\">\n",
       "      <th></th>\n",
       "      <th>sl_no</th>\n",
       "      <th>ssc_p</th>\n",
       "      <th>hsc_p</th>\n",
       "      <th>degree_p</th>\n",
       "      <th>etest_p</th>\n",
       "      <th>mba_p</th>\n",
       "      <th>salary</th>\n",
       "    </tr>\n",
       "  </thead>\n",
       "  <tbody>\n",
       "    <tr>\n",
       "      <th>sl_no</th>\n",
       "      <td>1.000000</td>\n",
       "      <td>-0.078155</td>\n",
       "      <td>-0.085711</td>\n",
       "      <td>-0.088281</td>\n",
       "      <td>0.063636</td>\n",
       "      <td>0.022327</td>\n",
       "      <td>0.047270</td>\n",
       "    </tr>\n",
       "    <tr>\n",
       "      <th>ssc_p</th>\n",
       "      <td>-0.078155</td>\n",
       "      <td>1.000000</td>\n",
       "      <td>0.511472</td>\n",
       "      <td>0.538404</td>\n",
       "      <td>0.261993</td>\n",
       "      <td>0.388478</td>\n",
       "      <td>0.108669</td>\n",
       "    </tr>\n",
       "    <tr>\n",
       "      <th>hsc_p</th>\n",
       "      <td>-0.085711</td>\n",
       "      <td>0.511472</td>\n",
       "      <td>1.000000</td>\n",
       "      <td>0.434206</td>\n",
       "      <td>0.245113</td>\n",
       "      <td>0.354823</td>\n",
       "      <td>0.122921</td>\n",
       "    </tr>\n",
       "    <tr>\n",
       "      <th>degree_p</th>\n",
       "      <td>-0.088281</td>\n",
       "      <td>0.538404</td>\n",
       "      <td>0.434206</td>\n",
       "      <td>1.000000</td>\n",
       "      <td>0.224470</td>\n",
       "      <td>0.402364</td>\n",
       "      <td>0.053352</td>\n",
       "    </tr>\n",
       "    <tr>\n",
       "      <th>etest_p</th>\n",
       "      <td>0.063636</td>\n",
       "      <td>0.261993</td>\n",
       "      <td>0.245113</td>\n",
       "      <td>0.224470</td>\n",
       "      <td>1.000000</td>\n",
       "      <td>0.218055</td>\n",
       "      <td>0.169233</td>\n",
       "    </tr>\n",
       "    <tr>\n",
       "      <th>mba_p</th>\n",
       "      <td>0.022327</td>\n",
       "      <td>0.388478</td>\n",
       "      <td>0.354823</td>\n",
       "      <td>0.402364</td>\n",
       "      <td>0.218055</td>\n",
       "      <td>1.000000</td>\n",
       "      <td>0.155673</td>\n",
       "    </tr>\n",
       "    <tr>\n",
       "      <th>salary</th>\n",
       "      <td>0.047270</td>\n",
       "      <td>0.108669</td>\n",
       "      <td>0.122921</td>\n",
       "      <td>0.053352</td>\n",
       "      <td>0.169233</td>\n",
       "      <td>0.155673</td>\n",
       "      <td>1.000000</td>\n",
       "    </tr>\n",
       "  </tbody>\n",
       "</table>\n",
       "</div>"
      ],
      "text/plain": [
       "             sl_no     ssc_p     hsc_p  degree_p   etest_p     mba_p    salary\n",
       "sl_no     1.000000 -0.078155 -0.085711 -0.088281  0.063636  0.022327  0.047270\n",
       "ssc_p    -0.078155  1.000000  0.511472  0.538404  0.261993  0.388478  0.108669\n",
       "hsc_p    -0.085711  0.511472  1.000000  0.434206  0.245113  0.354823  0.122921\n",
       "degree_p -0.088281  0.538404  0.434206  1.000000  0.224470  0.402364  0.053352\n",
       "etest_p   0.063636  0.261993  0.245113  0.224470  1.000000  0.218055  0.169233\n",
       "mba_p     0.022327  0.388478  0.354823  0.402364  0.218055  1.000000  0.155673\n",
       "salary    0.047270  0.108669  0.122921  0.053352  0.169233  0.155673  1.000000"
      ]
     },
     "execution_count": 7,
     "metadata": {},
     "output_type": "execute_result"
    }
   ],
   "source": [
    "dataset.corr(numeric_only=True)"
   ]
  },
  {
   "cell_type": "code",
   "execution_count": null,
   "id": "a2daeb6c-8bda-48aa-9b15-2a924ea70752",
   "metadata": {},
   "outputs": [],
   "source": []
  },
  {
   "cell_type": "code",
   "execution_count": null,
   "id": "89f666d4-b9cc-461d-9236-2ddb8ad1c883",
   "metadata": {},
   "outputs": [],
   "source": []
  },
  {
   "cell_type": "code",
   "execution_count": null,
   "id": "c47a47df-ad86-4667-b9eb-18d22b696f2b",
   "metadata": {},
   "outputs": [],
   "source": []
  }
 ],
 "metadata": {
  "kernelspec": {
   "display_name": "Python 3 (ipykernel)",
   "language": "python",
   "name": "python3"
  },
  "language_info": {
   "codemirror_mode": {
    "name": "ipython",
    "version": 3
   },
   "file_extension": ".py",
   "mimetype": "text/x-python",
   "name": "python",
   "nbconvert_exporter": "python",
   "pygments_lexer": "ipython3",
   "version": "3.11.5"
  }
 },
 "nbformat": 4,
 "nbformat_minor": 5
}
